TABLE NO.     1: First Order Conditional Estimation with Interaction: Problem=1 Subproblem=0 Superproblem1=0 Iteration1=0 Superproblem2=0 Iteration2=0
 NAME         THETA1       THETA2       THETA3       THETA4       THETA5       THETA6       SIGMA(1,1)   OMEGA(1,1)   OMEGA(2,1)   OMEGA(2,2)
 THETA1        2.04788E+00  3.79292E-01 -3.60497E-01 -3.35277E-01 -3.43731E-01  3.59120E-01  0.00000E+00 -7.48991E-02 -3.77509E-01 -3.61171E-01
 THETA2        3.79292E-01  1.64066E+00 -9.98834E-01 -9.95307E-01 -9.97986E-01  9.98075E-01  0.00000E+00  3.60616E-01 -9.85759E-01 -9.95765E-01
 THETA3       -3.60497E-01 -9.98834E-01  1.49036E+02  9.95332E-01  9.98075E-01 -9.98987E-01  0.00000E+00 -3.67496E-01  9.87061E-01  9.97578E-01
 THETA4       -3.35277E-01 -9.95307E-01  9.95332E-01  6.36434E-01  9.98293E-01 -9.95622E-01  0.00000E+00 -3.61777E-01  9.80063E-01  9.92866E-01
 THETA5       -3.43731E-01 -9.97986E-01  9.98075E-01  9.98293E-01  3.43754E-01 -9.98634E-01  0.00000E+00 -3.56876E-01  9.84124E-01  9.95575E-01
 THETA6        3.59120E-01  9.98075E-01 -9.98987E-01 -9.95622E-01 -9.98634E-01  1.49736E-01  0.00000E+00  3.65441E-01 -9.86260E-01 -9.96928E-01
 SIGMA(1,1)    0.00000E+00  0.00000E+00  0.00000E+00  0.00000E+00  0.00000E+00  0.00000E+00  0.00000E+00  0.00000E+00  0.00000E+00  0.00000E+00
 OMEGA(1,1)   -7.48991E-02  3.60616E-01 -3.67496E-01 -3.61777E-01 -3.56876E-01  3.65441E-01  0.00000E+00  3.74884E-02 -2.83269E-01 -3.52385E-01
 OMEGA(2,1)   -3.77509E-01 -9.85759E-01  9.87061E-01  9.80063E-01  9.84124E-01 -9.86260E-01  0.00000E+00 -2.83269E-01  2.78922E-01  9.93218E-01
 OMEGA(2,2)   -3.61171E-01 -9.95765E-01  9.97578E-01  9.92866E-01  9.95575E-01 -9.96928E-01  0.00000E+00 -3.52385E-01  9.93218E-01  1.01014E+00
