TABLE NO.     1: First Order Conditional Estimation with Interaction: Problem=1 Subproblem=0 Superproblem1=0 Iteration1=0 Superproblem2=0 Iteration2=0
 NAME         THETA1       THETA2       THETA3       THETA4       THETA5       THETA6       SIGMA(1,1)   OMEGA(1,1)   OMEGA(2,1)   OMEGA(2,2)
 THETA1        6.20112E-01 -1.01612E+01 -7.43167E-02  3.83115E+00 -5.48735E+01 -6.21168E+01  0.00000E+00  1.43125E+01 -9.75287E+00  4.83518E+00
 THETA2       -1.01612E+01  3.75867E+02  3.41168E+00 -9.59675E+01  1.34862E+03  1.32547E+03  0.00000E+00 -2.68189E+02  3.21952E+02 -1.94489E+02
 THETA3       -7.43167E-02  3.41168E+00  6.34843E-02 -4.29341E-01  7.93238E+00  2.61288E+01  0.00000E+00 -1.32022E+00  3.60725E+00 -3.44463E+00
 THETA4        3.83115E+00 -9.59675E+01 -4.29341E-01  9.78822E+02 -3.04078E+03 -2.61739E+03  0.00000E+00  2.28599E+02  6.57450E+01 -7.31402E+01
 THETA5       -5.48735E+01  1.34862E+03  7.93238E+00 -3.04078E+03  1.68096E+04  1.85359E+04  0.00000E+00 -2.49718E+03  1.57489E+03 -5.44825E+02
 THETA6       -6.21168E+01  1.32547E+03  2.61288E+01 -2.61739E+03  1.85359E+04  4.52047E+04  0.00000E+00 -2.65765E+03  1.37476E+03 -1.21648E+02
 SIGMA(1,1)    0.00000E+00  0.00000E+00  0.00000E+00  0.00000E+00  0.00000E+00  0.00000E+00  0.00000E+00  0.00000E+00  0.00000E+00  0.00000E+00
 OMEGA(1,1)    1.43125E+01 -2.68189E+02 -1.32022E+00  2.28599E+02 -2.49718E+03 -2.65765E+03  0.00000E+00  1.83747E+03 -1.31250E+03  4.65326E+02
 OMEGA(2,1)   -9.75287E+00  3.21952E+02  3.60725E+00  6.57450E+01  1.57489E+03  1.37476E+03  0.00000E+00 -1.31250E+03  2.33007E+03 -1.04509E+03
 OMEGA(2,2)    4.83518E+00 -1.94489E+02 -3.44463E+00 -7.31402E+01 -5.44825E+02 -1.21648E+02  0.00000E+00  4.65326E+02 -1.04509E+03  7.02021E+02
