TABLE NO.     1: First Order Conditional Estimation with Interaction: Problem=1 Subproblem=0 Superproblem1=0 Iteration1=0 Superproblem2=0 Iteration2=0
 NAME         THETA1       THETA2       THETA3       THETA4       THETA5       THETA6       SIGMA(1,1)   OMEGA(1,1)   OMEGA(2,1)   OMEGA(2,2)
 THETA1        5.85812E+00  1.12040E-01 -4.38739E+00 -2.09162E-02  1.00188E-01  2.98019E-03  0.00000E+00 -6.56311E-03 -2.22854E-02 -3.47197E-02
 THETA2        1.12040E-01  5.41405E-03 -1.86635E-01 -1.05395E-03  2.72048E-03 -2.01661E-04  0.00000E+00  1.33555E-04 -4.01643E-04 -3.47370E-04
 THETA3       -4.38739E+00 -1.86635E-01  1.71057E+01  4.93710E-02 -1.49712E-01  5.30828E-03  0.00000E+00 -2.46332E-02  3.21368E-02  1.54805E-01
 THETA4       -2.09162E-02 -1.05395E-03  4.93710E-02  2.13323E-03 -9.74173E-04  5.57272E-05  0.00000E+00 -1.54098E-04 -1.97774E-04  5.16972E-04
 THETA5        1.00188E-01  2.72048E-03 -1.49712E-01 -9.74173E-04  2.78941E-03  7.20814E-05  0.00000E+00  3.64816E-04 -3.95430E-04 -9.89270E-04
 THETA6        2.98019E-03 -2.01661E-04  5.30828E-03  5.57272E-05  7.20814E-05  4.89149E-05  0.00000E+00  1.16781E-05 -6.66211E-07 -7.21834E-06
 SIGMA(1,1)    0.00000E+00  0.00000E+00  0.00000E+00  0.00000E+00  0.00000E+00  0.00000E+00  0.00000E+00  0.00000E+00  0.00000E+00  0.00000E+00
 OMEGA(1,1)   -6.56311E-03  1.33555E-04 -2.46332E-02 -1.54098E-04  3.64816E-04  1.16781E-05  0.00000E+00  1.20439E-03  7.67300E-04  3.00425E-04
 OMEGA(2,1)   -2.22854E-02 -4.01643E-04  3.21368E-02 -1.97774E-04 -3.95430E-04 -6.66211E-07  0.00000E+00  7.67300E-04  2.07591E-03  2.50340E-03
 OMEGA(2,2)   -3.47197E-02 -3.47370E-04  1.54805E-01  5.16972E-04 -9.89270E-04 -7.21834E-06  0.00000E+00  3.00425E-04  2.50340E-03  8.36349E-03
