TABLE NO.     1: First Order Conditional Estimation with Interaction: Problem=1 Subproblem=0 Superproblem1=0 Iteration1=0 Superproblem2=0 Iteration2=0
 NAME         THETA1       THETA2       THETA3       THETA4       THETA5       THETA6       SIGMA(1,1)   OMEGA(1,1)   OMEGA(2,1)   OMEGA(2,2)
 THETA1        6.65028E-01 -5.29233E+00 -1.21171E-01 -7.26892E+00 -2.93661E+01 -4.77277E-01  0.00000E+00  1.36820E+01 -7.63840E+00  3.55402E+00
 THETA2       -5.29233E+00  1.05639E+03 -3.15305E-01 -1.90410E+02 -1.14851E+03  6.57208E+03  0.00000E+00  1.50934E+02 -3.48380E+01 -8.56609E+01
 THETA3       -1.21171E-01 -3.15305E-01  2.11697E-01  4.93195E+00  1.88254E+01 -4.99582E+01  0.00000E+00 -3.45247E+00  5.64815E+00 -4.12238E+00
 THETA4       -7.26892E+00 -1.90410E+02  4.93195E+00  8.65581E+02  1.15594E+03 -3.49784E+03  0.00000E+00 -3.69538E+02  4.54090E+02 -1.71811E+02
 THETA5       -2.93661E+01 -1.14851E+03  1.88254E+01  1.15594E+03  4.46711E+03 -1.26167E+04  0.00000E+00 -1.28111E+03  9.90513E+02 -3.22480E+02
 THETA6       -4.77277E-01  6.57208E+03 -4.99582E+01 -3.49784E+03 -1.26167E+04  7.51173E+04  0.00000E+00  2.09116E+03 -2.09083E+03  5.35094E+02
 SIGMA(1,1)    0.00000E+00  0.00000E+00  0.00000E+00  0.00000E+00  0.00000E+00  0.00000E+00  0.00000E+00  0.00000E+00  0.00000E+00  0.00000E+00
 OMEGA(1,1)    1.36820E+01  1.50934E+02 -3.45247E+00 -3.69538E+02 -1.28111E+03  2.09116E+03  0.00000E+00  1.67822E+03 -9.33823E+02  2.19316E+02
 OMEGA(2,1)   -7.63840E+00 -3.48380E+01  5.64815E+00  4.54090E+02  9.90513E+02 -2.09083E+03  0.00000E+00 -9.33823E+02  1.41199E+03 -4.39512E+02
 OMEGA(2,2)    3.55402E+00 -8.56609E+01 -4.12238E+00 -1.71811E+02 -3.22480E+02  5.35094E+02  0.00000E+00  2.19316E+02 -4.39512E+02  3.03683E+02
