TABLE NO.     1: First Order Conditional Estimation with Interaction: Problem=1 Subproblem=0 Superproblem1=0 Iteration1=0 Superproblem2=0 Iteration2=0
 NAME         THETA1       THETA2       THETA3       THETA4       THETA5       THETA6       SIGMA(1,1)   OMEGA(1,1)   OMEGA(2,1)   OMEGA(2,2)
 THETA1        2.42036E+00  6.29122E-01 -4.38285E-01 -1.87105E-01  7.83758E-01  1.76053E-01  0.00000E+00 -7.81351E-02 -2.02087E-01 -1.56857E-01
 THETA2        6.29122E-01  7.35802E-02 -6.13284E-01 -3.10127E-01  7.00050E-01 -3.91869E-01  0.00000E+00  5.23016E-02 -1.19805E-01 -5.16223E-02
 THETA3       -4.38285E-01 -6.13284E-01  4.13590E+00  2.58454E-01 -6.85379E-01  1.83511E-01  0.00000E+00 -1.71620E-01  1.70541E-01  4.09280E-01
 THETA4       -1.87105E-01 -3.10127E-01  2.58454E-01  4.61869E-02 -3.99357E-01  1.72515E-01  0.00000E+00 -9.61375E-02 -9.39822E-02  1.22392E-01
 THETA5        7.83758E-01  7.00050E-01 -6.85379E-01 -3.99357E-01  5.28148E-02  1.95140E-01  0.00000E+00  1.99037E-01 -1.64327E-01 -2.04817E-01
 THETA6        1.76053E-01 -3.91869E-01  1.83511E-01  1.72515E-01  1.95140E-01  6.99392E-03  0.00000E+00  4.81137E-02 -2.09068E-03 -1.12856E-02
 SIGMA(1,1)    0.00000E+00  0.00000E+00  0.00000E+00  0.00000E+00  0.00000E+00  0.00000E+00  0.00000E+00  0.00000E+00  0.00000E+00  0.00000E+00
 OMEGA(1,1)   -7.81351E-02  5.23016E-02 -1.71620E-01 -9.61375E-02  1.99037E-01  4.81137E-02  0.00000E+00  3.47044E-02  4.85263E-01  9.46583E-02
 OMEGA(2,1)   -2.02087E-01 -1.19805E-01  1.70541E-01 -9.39822E-02 -1.64327E-01 -2.09068E-03  0.00000E+00  4.85263E-01  4.55621E-02  6.00804E-01
 OMEGA(2,2)   -1.56857E-01 -5.16223E-02  4.09280E-01  1.22392E-01 -2.04817E-01 -1.12856E-02  0.00000E+00  9.46583E-02  6.00804E-01  9.14521E-02
